192 96 64

2 2 2 2 2 2 2 2 2 2 2 2 2 2 2 2 2 2 2 2 2 2 2 2 2 2 2 2 2 2 2 2 2 2 2 2 2 2 2 2 2 2 2 2 2 2 2 2 2 2 2 2 2 2 2 2 2 2 2 2 2 2 2 2 2 2 2 2 2 2 2 2 2 2 2 2 2 2 2 2 2 2 2 2 2 2 2 2 2 2 2 2 2 2 2 2 2 2 2 2 2 2 2 2 2 2 2 2 2 2 2 2 2 2 2 2 2 2 2 2 2 2 2 2 2 2 2 2 2 2 2 2 2 2 2 2 2 2 2 2 2 2 2 2 2 2 2 2 2 2 2 2 2 2 2 2 2 2 2 2 2 2 2 2 2 2 2 2 2 2 2 2 2 2 2 2 2 2 2 2 2 2 2 2 2 2 2 2 2 2 2 2 

4 4 4 4 4 4 4 4 4 4 4 4 4 4 4 4 4 4 4 4 4 4 4 4 4 4 4 4 4 4 4 4 4 4 4 4 4 4 4 4 4 4 4 4 4 4 4 4 4 4 4 4 4 4 4 4 4 4 4 4 4 4 4 4 4 4 4 4 4 4 4 4 4 4 4 4 4 4 4 4 4 4 4 4 4 4 4 4 4 4 4 4 4 4 4 4 

0 94 96 191
1 0 97 177
2 47 98 190
3 1 99 179
4 91 100 98
5 85 101 99
6 2 102 101
7 3 103 183
8 54 104 135
9 56 105 97
10 9 106 146
11 13 107 187
12 4 108 104
13 5 109 105
14 6 110 108
15 7 111 109
16 61 112 96
17 16 113 111
18 10 114 113
19 18 115 107
20 27 116 163
21 19 117 162
22 20 118 102
23 22 119 115
24 8 120 112
25 21 121 119
26 25 122 118
27 11 123 122
28 12 124 120
29 28 125 117
30 14 126 124
31 15 127 126
32 31 128 173
33 29 129 176
34 32 130 114
35 80 131 188
36 35 132 116
37 39 133 129
38 34 134 133
39 23 135 131
40 36 136 134
41 33 137 121
42 26 138 130
43 42 139 123
44 87 140 136
45 92 141 140
46 38 142 138
47 45 143 127
48 95 144 142
49 48 145 137
50 90 146 185
51 49 147 139
52 44 148 147
53 37 149 145
54 50 150 149
55 51 151 143
56 40 152 148
57 41 153 100
58 57 154 152
59 43 155 151
60 58 156 155
61 59 157 141
62 46 158 103
63 62 159 110
64 60 160 144
65 63 161 157
66 17 162 158
67 66 163 161
68 52 164 160
69 65 165 164
70 68 166 150
71 55 167 159
72 64 168 167
73 71 169 153
74 70 170 154
75 67 171 170
76 75 172 156
77 69 173 169
78 76 174 166
79 30 175 171
80 79 176 168
81 73 177 184
82 81 178 174
83 24 179 178
84 82 180 172
85 83 181 165
86 78 182 132
87 86 183 128
88 72 184 125
89 88 185 180
90 74 186 175
91 89 187 186
92 84 188 106
93 77 189 181
94 93 190 182
95 53 191 189


1  22  45  42 
1  22  45  43 
1  22  45  52 
1  22  52  45 
1  25  7  11 
1  25  11  7 
1  25  12  38 
1  25  38  12 
1  26  12  30 
1  26  19  48 
1  26  24  30 
1  26  30  12 
1  26  30  24 
1  26  35  38 
1  26  38  35 
1  26  38  48 
1  26  48  19 
1  26  48  38 
1  27  9  17 
1  22  45  42 
1  22  45  43 
1  22  45  52 
1  22  52  45 
1  25  7  11 
1  25  11  7 
1  25  12  38 
1  25  38  12 
1  26  12  30 
1  26  19  48 
1  26  24  30 
1  26  30  12 
1  26  30  24 
1  26  35  38 
1  26  38  35 
1  26  38  48 
1  26  48  19 
1  26  48  38 
1  27  9  17 
1  22  45  42 
1  22  45  43 
1  22  45  52 
1  22  52  45 
1  25  7  11 
1  25  11  7 
1  25  12  38 
1  25  38  12 
1  26  12  30 
1  26  19  48 
1  26  24  30 
1  26  30  12 
1  26  30  24 
1  26  35  38 
1  26  38  35 
1  26  38  48 
1  26  48  19 
1  26  48  38 
1  27  9  17 
1  22  45  42 
1  22  45  43 
1  22  45  52 
1  22  52  45 
1  25  7  11 
1  25  11  7 
1  25  12  38 
1  25  38  12 
1  26  12  30 
1  26  19  48 
1  26  24  30 
1  26  30  12 
1  26  30  24 
1  26  35  38 
1  26  38  35 
1  26  38  48 
1  26  48  19 
1  26  48  38 
1  27  9  17 
1  22  45  42 
1  22  45  43 
1  22  45  52 
1  22  52  45 
1  25  7  11 
1  25  11  7 
1  25  12  38 
1  25  38  12 
1  26  12  30 
1  26  19  48 
1  26  24  30 
1  26  30  12 
1  26  30  24 
1  26  35  38 
1  26  38  35 
1  26  38  48 
1  26  48  19 
1  26  48  38 
1  27  9  17 
1  26  48  38 