48 24 64

2 2 2 2 2 2 2 2 2 2 2 2 2 2 2 2 2 2 2 2 2 2 2 2 2 2 2 2 2 2 2 2 2 2 2 2 2 2 2 2 2 2 2 2 2 2 2 2 

4 4 4 4 4 4 4 4 4 4 4 4 4 4 4 4 4 4 4 4 4 4 4 4 

4 9 34 42 
5 10 35 43 
6 11 32 40 
7 8 33 41 
1 9 26 44 
2 10 27 45 
3 11 24 46 
0 8 25 47 
1 6 28 38 
2 7 29 39 
3 4 30 36 
0 5 31 37 
17 23 29 44 
18 20 30 45 
19 21 31 46 
16 22 28 47 
13 20 33 38 
14 21 34 39 
15 22 35 36 
12 23 32 37 
12 16 27 42 
13 17 24 43 
14 18 25 40 
15 19 26 41 

1 13 29 54
1 10 22 36 
1 17 44 51 
1 8 19 45
13 1 29 54
10 1 22 36 
17 1 44 51 
8 1 19 45
1 13 29 54
1 10 22 36 
1 17 44 51 
1 8 19 45
1 13 54 29
1 10 36 22 
1 17 51 44 
1 8 45 19
13 1 54 29
10 1 36 22 
17 1 51 44 
8 1 45 19
1 13 54 29
1 10 36 22 
1 17 51 44 
1 8 45 19
